4056
2091
67
194
2153
499
499
499
3149
3149
3149
3149
5207
4844
5269
5269
3596
1309
1422
1422
1422
4168
1606
5331
3087
3097
3097
665
2875
2875
2875
1165
1165
4315
2400
2400
2400
2400
5502
3872
3872
3872
3872
4909
4909
1120
1120
1120
1207
3114
5284
5284
5284
2573
3807
609
3186
3186
3186
3186
1460
3232
1460
1460
85
2043
2043
2201
2201
2858
2858
2858
2858
2053
3336
4116
4116
1671
757
3717
380
5597
5597
2204
5040
2249
2249
2249
4914
4569
4103
4103
4757
4757
4757
4114
4114
4114
4114
4114
483
2821
3982
2369
395
395
395
4670
395
395
4670
395
395
395
4670
1769
1352
2179
1155
1155
1155
1282
4684
4684
4684
4684
4684
1508
135
3364
1057
135
135
135
135
135
135
135
135
5616
5616
243
48
5563
4694
2778
1050
1050
3114
1985
4610
4610
2914
2216
2554
2554
1952
1952
1734
1952
1734
1734
1734
1734
1734
1734
1734
1734
4120
4120
4120
4120
1180
5153
5153
2428
4883
1397
2039
2039
2039
5165
5165
5165
5165
3388
3388
3388
4001
4001
4001
4902
4001
605
605
605
805
4900
805
805
4900
805
3947
3947
3947
3947
3947
755
755
607
607
607
607
1396
1396
1396
117
4765
4765
4765
580
4765
580
943
943
943
364
364
2979
2979
2979
2979
2979
1396
1396
1396
1396
1396
5140
4358
48
48
1690
4358
4358
1980
4688
4688
4337
4337
767
3660
741
741
5155
5155
5155
2584
3932
3932
774
4792
4792
4127
4127
4127
959
959
959
1399
2926
1488
1399
1399
1399
1399
1399
956
5359
5359
5359
1302
2366
1302
4995
4995
967
967
967
967
559
2919
559
559
559
2919
3082
3082
3082
3082
2556
3392
3392
3392
998
2394
3346
4145
1681
3244
1681
1681
1681
1681
1681
1681
3288
4779
5471
5471
5471
5471
4756
2905
3732
2135
364
2081
364
364
2297
2297
2297
364
364
364
2081
364
2081
2858
2858
2858
2858
2511
2511
4498
3837
3837
3837
3837
5525
5525
2204
2204
3798
2363
2363
2363
2363
2363
3593
2363
2363
3883
3883
3883
4245
3883
1402
1402
1402
1402
1688
2857
1688
5631
2951
5631
5631
3526
3786
1577
4456
4456
204
204
5118
5118
4851
4851
2350
2350
2350
3136
4851
3136
2009
4194
4194
1362
4194
1362
1362
2962
2962
1477
2962
2962
2962
4198
2723
2723
1399
1399
4456
4456
4456
4908
1816
4908
4231
2206
4761
5420
2394
2394
2394
1955
1815
1815
1937
4550
5418
4550
4550
3697
3215
3215
5448
3744
204
204
204
27
204
27
27
27
3098
1826
2827
3098
2827
3098
3098
3098
2827
2827
307
2827
2827
2827
2827
2827
2916
2827
3720
4553
3824
3824
3844
2286
2748
4416
5053
2332
2332
2179
4416
2179
1810
332
2724
332
332
332
2039
3147
436
436
2897
2039
2039
2897
2039
1238
1238
4867
4547
5566
5428
3301
5480
1365
4346
2792
2792
2792
2792
5235
5235
2063
588
588
588
588
953
953
953
953
953
953
180
3519
3519
1554
1554
3519
124
124
4370
2410
2410
2410
5017
4398
4398
4398
1492
3810
4460
3810
4460
4460
5082
558
947
947
558
4995
947
947
4995
947
3004
3004
3004
4294
3004
3726
3147
3900
2173
2784
4279
2108
1939
1939
1939
1939
1104
3809
3809
3910
1104
1104
3809
4570
4570
2329
2329
1001
901
1001
1001
1001
1001
2362
3668
3668
1519
1519
1519
3668
1594
3668
2362
1519
3668
3668
3668
3668
3668
3668
4450
4450
1594
4450
5111
5111
4450
5111
5111
5111
5223
5111
5175
5175
2927
2927
2216
4116
4116
4116
1884
1884
1884
1884
922
911
779
3143
3014
3016
2242
4074
779
4074
4074
4074
3519
3519
3519
5044
4921
3519
4921
3519
4921
4921
4921
4921
3519
1653
4921
4183
1525
3554
3554
1525
3237
464
5177
4969
4969
3360
3360
3003
3003
1928
3003
3003
5444
5444
2563
2249
2563
2563
2249
2697
1442
2697
4134
511
511
511
286
286
286
286
475
286
475
683
286
2671
509
3923
947
947
947
947
947
5049
576
5468
2221
2091
2650
3783
2650
2091
2091
2650
2650
2650
2091
5178
2650
2091
14
4392
2614
2828
2754
1291
1291
74
4326
3269
4326
2445
4326
2445
2445
2445
2445
4474
2445
2445
2445
2445
5558
2445
2445
4474
4712
5558
4712
4712
3320
5558
4712
4712
4712
4712
4712
4712
654
4712
4712
4712
654
4712
4712
2356
2745
2745
4365
3490
1308
4365
4335
2914
1242
1242
4153
1242
1242
1242
1242
2914
1242
3752
83
4123
3958
3803
5472
3803
3803
5472
3803
5472
138
8
5521
5521
5521
5521
1345
245
1345
938
521
3912
521
521
521
2397
2397
2397
521
4968
2397
2482
2397
978
2397
2397
2397
4968
2482
2482
3361
4968
2482
98
2311
4599
3908
3908
3908
4387
2711
341
4387
482
4371
4371
286
1567
525
5013
286
286
5520
286
5013
286
525
4517
1349
1349
5597
1663
988
3214
3214
1998
1998
5632
1998
2249
2346
5254
1460
1460
1460
4271
4271
1460
4271
4271
970
2575
4271
4271
4271
4271
1165
378
4271
2268
4271
378
4271
4271
378
4271
5642
5642
1983
5642
4825
5506
5178
3256
5506
4825
5178
4825
3602
3176
1751
3602
3602
3602
3602
1751
1751
3602
2694
4603
2694
4603
309
4603
2694
4603
27
2694
1396
5102
5102
2689
2689
1945
393
4364
1651
1683
1631
1894
3362
1894
1631
2517
1020
3104
1894
1020
1894
1020
2517
1020
1288
1020
1083
2517
4121
2517
1083
2117
4114
4114
4391
5492
5492
5078
5243
5243
540
1522
3469
3469
1522
3469
2039
1522
3021
3021
4550
5141
4550
4550
2273
4550
4550
1499
4550
2064
1499
1499
1499
5632
1499
1499
1499
1499
1499
970
2064
4800
2064
4800
4800
1973
858
3403
3403
3655
3655
3655
4083
2496
4120
2858
2858
4120
2858
359
2810
3612
2269
2269
3612
789
2269
789
4074
4074
4074
5125
4676
2164
2164
2164
5125
2164
5125
5125
2164
5125
5125
2753
5125
3554
2723
1073
81
81
4940
3039
1715
3039
4959
1145
523
2587
4282
523
4282
2446
1145
3655
3655
1145
1145
1145
2630
4887
3655
1178
4887
1178
1178
1715
1368
447
1368
447
447
2154
2154
2154
3502
4246
4234
2406
2406
406
406
406
406
3881
406
406
406
406
4680
3515
3515
2941
4680
1916
1916
1288
1921
491
3189
3189
228
3002
3189
567
3189
2784
4853
4853
228
4853
2784
948
948
948
948
3612
1526
3612
4092
1377
1377
3612
1377
1377
1377
1377
1252
1377
2628
1377
5484
1377
5484
1331
5094
1273
5484
5094
5484
5484
1331
1331
3915
3090
3915
3090
3090
5378
1362
1362
5554
25
1974
1376
5367
1376
680
5500
5367
1376
5367
680
4470
2724
2973
563
2973
4470
680
680
4470
1082
2973
32
2973
4380
32
32
605
605
2998
605
2368
605
605
4466
1543
4466
4661
5597
3283
4661
4661
4908
569
1244
4922
569
569
4922
569
4922
569
569
748
588
4756
4756
588
588
588
588
588
2481
789
2481
789
5284
682
5284
3856
3856
5284
5284
5444
3856
5284
5284
5444
5284
4308
902
2235
2715
2030
2030
2030
2030
2030
3966
2030
1489
2619
3664
1120
4112
1120
5114
2185
445
1984
2185
4532
1984
3530
3530
5165
5165
1295
5165
3550
729
2164
3612
3290
1977
3612
729
2164
2164
2164
2100
2100
4407
2100
2100
2100
4075
4075
1984
2100
1984
2936
4001
2936
4001
2936
2936
2936
3413
607
2471
607
607
607
2007
607
607
3682
3843
3843
3843
1459
3103
3786
3103
3652
5407
4786
4255
1928
3278
1815
475
4472
1556
4472
1815
1815
4472
4472
4472
3400
5497
56
56
4670
56
3836
56
3400
4670
4670
4670
4670
2527
5305
28
2985
3009
2985
3440
2985
2985
124
124
1261
124
4180
429
429
5590
4180
3257
4396
133
709
774
774
3282
774
831
774
831
831
831
3769
1288
1660
1660
1014
138
1278
138
3360
1660
3947
3947
298
4752
3947
2185
1278
2185
4752
2185
4752
3947
3947
3947
15
2185
15
311
95
95
3736
4447
386
1894
1096
1894
1894
1096
3197
1096
1096
4021
4832
1096
1096
1894
1096
1894
4832
1096
1096
1096
3197
253
1914
1914
1324
1324
1049
1507
4368
1163
1163
1163
3793
316
1163
1692
3793
1163
1163
1163
272
57
316
3212
2927
1692
3607
1692
2029
3082
3978
5113
3366
3082
1855
1438
3978
3082
3366
2891
3366
3978
2891
4253
3366
3978
5513
1855
1438
1802
1802
1802
1802
5546
5230
1802
1802
1802
1802
4888
1601
2613
3408
3408
5017
5017
5017
3408
3408
3408
3408
2325
2289
2971
4432
1807
2971
5185
2971
2289
5070
5070
5165
5070
4116
5070
4116
4116
5165
4116
5165
5503
2000
2501
2501
4042
4042
2000
4042
696
1507
2974
2974
2974
2912
1162
1590
1162
1162
2041
1685
4365
4794
3225
3225
502
1501
1501
1501
1501
1501
1501
5531
1501
1501
5015
5015
1501
1501
1501
5451
5451
5451
5451
3396
3396
3396
3396
4991
2984
2984
3396
3396
2984
2984
2984
3396
2984
3474
2775
2984
3537
3537
3474
2306
1241
4294
4294
4294
2306
4294
2306
2306
4294
4294
2306
1802
1802
1596
1802
3094
1802
2332
1802
1802
2332
2665
2332
2332
2332
2332
1329
1329
12
12
2748
4206
4206
5511
4206
5511
1017
1017
5113
2242
1276
1276
1114
3196
3515
1276
3515
4364
2073
5397
5397
1768
5397
5397
5397
3448
2495
2011
1488
867
2011
3394
2011
867
1288
1288
3720
3394
3924
1687
4056
4056
3924
1778
1778
1778
4594
1778
1586
1586
1586
1586
295
624
295
5547
4097
110
110
4364
4097
2261
3299
4723
2261
5012
1269
1269
829
120
3069
3069
3291
3291
1591
3291
3069
5612
5612
5612
4075
5612
5612
2246
2912
4075
2912
2912
3460
3460
3460
332
1734
332
3460
1734
1734
1734
1734
1734
1734
1734
1734
1734
1734
1734
1734
1543
2273
3667
2317
3675
3667
4357
3675
3027
858
3675
4255
858
858
2669
2669
2669
2669
1979
2669
661
1979
4581
661
2669
1979
1979
4581
3358
661
661
1438
1438
1438
5
2533
325
1438
4021
807
807
4021
738
2067
275
275
275
3659
275
275
275
3659
2067
3659
3659
1461
4757
4757
194
4607
3403
5328
5328
5328
5328
5328
3196
5091
2922
4106
2922
2922
5003
5003
5003
5003
5003
787
5003
2318
5003
787
5003
270
787
4842
270
4291
3488
2362
2362
2297
2362
2362
1891
391
12
12
140
3728
2121
4741
140
140
2121
4519
4519
4984
2174
4519
947
947
1238
947
3052
1238
2363
947
947
947
947
875
875
875
2363
2363
2363
2363
2363
875
5253
2363
875
875
875
2363
5253
1676
1769
875
2363
875
1676
875
2363
2363
2251
2363
1878
5253
1747
5253
5253
435
1878
2251
435
435
1878
1747
1878
2251
1823
5306
5306
249
3682
3666
249
249
249
249
249
249
249
5491
3259
3259
332
3259
332
3259
3363
332
2584
2584
2400
2400
744
4359
5326
4711
2704
4359
2348
2348
3758
5446
2348
2348
2348
5326
2348
194
2364
2364
4074
1829
4074
1829
4074
3510
4074
2586
4074
4074
4074
4074
554
2586
2586
3510
3189
2496
3189
3189
554
3189
3189
3189
3189
3177
3787
2597
1139
556
3026
3589
1139
4007
3051
3051
149
4495
4495
428
3142
428
428
3067
4398
4398
4398
4398
5583
4289
4289
4182
4182
4182
2362
2362
4586
4586
2489
2489
3804
3759
4786
194
2526
2526
1467
1467
1467
1467
1467
3922
3922
676
5402
5402
5402
4766
635
1303
1303
2021
4060
4060
4060
4610
4610
4610
4610
4610
4610
4610
4610
4610
249
249
2503
2164
2164
2164
2164
2164
2407
5158
4834
4834
4834
1659
5484
1616
1616
3927
4864
4864
5388
5638
5551
5551
5551
5551
5551
5551
5551
1377
1377
1377
1377
138
138
138
2513
1291
1291
1440
429
3814
3814
1359
1359
2998
1359
4649
4649
1151
4635
110
5114
5048
3166
3166
1622
3166
3166
959
959
959
959
959
959
1276
1276
1276
436
436
436
436
3969
4777
2081
2081
4622
4036
4036
4036
4036
4036
4036
4036
4036
1974
1974
4796
3276
436
436
436
436
436
3969
3937
3370
4036
4036
4036
4036
4036
4036
4036
4036
4036
4036
2369
5416
5416
5051
5051
5051
5051
5051
5051
5051
5051
5051
4827
5051
4387
556
556
4238
4294
4294
4294
2363
2363
2363
2363
2363
2363
2363
2363
4603
3004
1125
5185
5185
2600
938
2032
1535
5558
5558
477
477
477
3614
2984
2984
2984
2984
2984
2984
1241
762
3388
3388
762
762
3388
3807
5130
1847
5169
1030
4084
4354
3832
3832
4434
975
918
918
918
5092
5092
5092
1047
1463
4409
1365
50
50
3541
355
5125
2269
2269
356
356
2362
5314
588
588
5236
5372
5533
3080
2573
1231
5492
5278
1963
1963
1759
1705
1965
1965
2619
2797
3318
790
1084
1084
2249
3862
3862
3862
3803
2569
2569
235
3613
3613
3613
3613
3613
3613
1516
2418
831
1537
2019
2019
2019
2019
2019
2019
2019
1448
2241
2241
2241
473
690
663
663
738
807
4017
953
953
953
953
4751
5083
2093
2093
3336
2696
825
1405
1405
206
2459
2459
2459
2459
2459
2459
2459
2459
2569
2569
0
0
0
0
676
676
5294
5294
2909
2909
2909
2909
2909
3068
3068
5501
145
3779
3291
5003
5003
1257
5003
1257
5003
5003
5003
5003
5003
5003
5003
5003
5003
228
3164
3164
3164
4914
3164
2722
4056
4056
559
559
559
559
5025
5025
715
5025
5025
5025
5025
4335
4335
4335
459
4121
2740
2586
4751
5600
2962
4751
2962
3796
2962
3796
3796
3796
2986
2986
4773
1541
2696
2199
2813
2813
2813
2813
2813
4443
5611
5611
5611
3105
2877
2877
565
565
565
565
565
3903
4001
4001
4001
4001
5081
5165
4001
4868
4868
4983
2957
1888
4989
4989
4550
4550
4550
4550
4550
142
246
1832
5130
724
1884
4751
4751
4864
3250
1390
143
143
143
143
143
143
2736
1242
1242
1242
1242
1242
1242
1242
1242
1242
831
5606
5606
5226
1096
1096
5558
5359
5359
5359
5359
5359
5359
5359
5359
5359
5628
5628
2827
2827
2827
2827
2827
2827
2827
2827
2827
2827
2827
2827
2827
2827
2827
3889
3889
3889
4610
1941
1778
1778
1778
2680
2680
4282
4282
4282
5
4283
4283
1203
3937
5579
1283
1515
1460
1460
1460
1312
992
4142
5376
5376
5376
5376
5376
5376
5376
5376
4301
4301
3207
1639
1639
1639
3894
1178
4097
4074
406
406
3189
3189
4921
4921
4921
4921
4145
828
2926
1944
1944
1944
5158
5388
5317
5317
5317
2472
2472
2208
5074
4459
2003
2003
2003
2003
4501
4093
5107
2449
1222
21
21
4617
3854
900
4851
4851
2329
1283
1629
1629
589
3748
1998
3856
3856
5051
5051
5051
5051
5051
5051
812
162
162
162
162
162
4909
4909
5111
3448
3448
2503
4779
1399
3602
4103
3399
3796
676
702
702
4864
2517
2517
2517
1622
5501
2960
2960
2615
2615
2459
4995
4103
3739
4487
3894
3894
3894
1766
1631
1631
4735
4735
4735
4735
1120
1586
1586
1586
1586
960
960
1939
1939
1939
5107
579
579
579
579
579
579
579
2815
2815
2815
4074
1629
1629
1629
4456
4456
1629
1359
1359
1359
1359
1359
5409
5002
5002
2784
2503
1050
5058
2856
2815
2815
1359
1359
1359
1359
1359
875
2723
2482
2482
2620
3904
1714
3862
4682
4682
4682
4682
4682
4682
5003
5003
5003
5003
5003
5003
5094
4137
4137
4071
2858
4322
2803
2591
3824
2875
2875
4590
3969
2912
395
776
953
953
953
953
3948
3585
1515
1515
816
2348
2348
2348
2348
2348
2348
2348
2348
2348
2348
1798
812
812
4735
4735
4735
1954
3250
707
707
707
2914
3840
206
1340
2730
4103
4668
4668
4668
4668
4668
4668
4668
4668
356
3177
3177
3177
3177
3177
2766
2766
2766
654
654
4851
967
967
4851
4851
4851
4851
162
162
2093
429
110
110
2408
3627
2451
3591
5091
3591
1640
4450
2332
4403
4238
4238
4238
4238
3021
5092
5092
5026
2011
5359
5359
948
948
5439
948
5439
948
5439
1313
2517
4723
2517
2517
2517
2517
2517
3948
1397
1397
4861
3904
3904
3904
3904
138
2958
4668
4668
4668
4668
4668
4668
4668
4668
4668
345
345
345
345
1963
1145
1165
1165
3857
5359
1586
1586
1586
1629
1629
1629
4060
406
406
663
5551
5551
5551
5551
5551
5551
5551
5551
5551
5551
5616
4765
4765
4765
4765
4782
4145
4145
306
306
306
306
306
4335
4335
4335
1217
1217
2100
2100
5202
2100
5202
2100
2100
4117
5072
5072
5345
5345
953
953
5372
5372
4501
4501
4501
4501
4501
80
80
2974
2974
3474
1629
1629
1629
1629
1629
1242
1629
1242
1242
1242
1242
749
1377
749
749
749
749
749
749
749
749
3248
3248
4181
2106
2106
2106
2620
5253
4989
4989
4989
4989
670
670
3668
3668
3668
3668
3668
3668
3668
3668
3668
4587
4587
5439
5439
5439
5439
5439
5488
2481
4756
406
406
406
406
5236
5236
4989
5196
4989
4989
4989
4756
4470
1068
4861
5087
5087
1194
4276
5647
5647
5647
5647
1805
4137
4137
4137
4137
2487
1952
471
550
864
3519
1
2549
4071
4071
2081
1939
1939
2500
4008
395
5520
5520
5520
1980
3917
2363
5146
2974
2974
5569
5569
2290
1805
2986
3783
5408
4068
4068
4860
50
50
5596
5025
5025
3484
3466
5107
5107
5107
255
2556
5297
2870
4551
5218
3552
3552
3552
3552
3552
2240
4001
2240
2587
1856
1478
5135
5594
4276
4276
4517
4517
5402
3908
345
5647
5339
3675
2279
2279
1247
1247
1247
1247
1247
4371
3313
3388
3388
844
844
844
844
844
844
5521
5644
286
3021
2417
3791
3889
5018
3003
363
2986
2986
3348
4989
4989
1353
4108
4989
4108
4108
4989
4108
5516
3177
332
5040
1302
3922
4387
2445
525
525
2445
2445
2445
2445
1586
4603
2986
4682
4590
1199
3854
3854
3854
3854
3854
3276
1634
5606
5606
5606
5606
5606
5606
5606
4938
844
844
844
844
844
844
844
844
4603
2973
1344
1344
958
2459
958
2459
4415
4415
947
5253
5253
749
749
5253
749
749
5253
749
749
749
749
749
749
749
275
275
275
680
406
406
406
406
406
529
5372
5372
332
1586
2958
1586
1586
1586
2973
2973
2973
2973
2973
2973
5376
5376
5376
5376
5376
5376
5376
999
413
4693
4693
4693
4693
413
4693
4693
4693
3524
3655
3655
2093
2815
4200
4116
626
626
626
1725
4989
5284
5284
5284
2925
2445
2445
2445
3396
3396
3396
3396
3396
1092
443
4827
2864
2864
50
50
4622
2483
4765
4765
4765
4208
4887
2766
1953
1953
2561
2561
915
4629
4629
3854
3505
3505
3505
113
5359
5359
1062
589
589
953
4400
4518
4518
4518
4518
4518
4518
2011
3783
286
749
749
749
749
749
749
749
749
749
749
749
749
749
749
3947
3947
3947
3947
3783
3783
3783
4271
4271
4271
4271
4271
4271
4271
4271
4271
5642
135
5107
2263
2909
2627
2627
1717
249
249
249
249
4322
1532
80
80
5051
5051
5051
5051
5051
5051
5051
3712
5087
5087
2011
2011
2011
4029
4029
4029
1522
1522
1522
1522
3177
3177
3177
3177
1138
4828
5124
5124
5124
4335
80
80
3764
536
5246
3060
742
742
1163
4405
2751
1120
5317
5317
5317
2815
2815
2498
2498
5533
2063
960
960
1286
1286
3832
3832
3958
3021
1506
5600
4315
4097
4301
4301
4301
4301
4301
2164
2164
3646
1162
1162
80
1359
1359
1359
1359
3189
3189
3189
3189
2426
3029
981
345
2417
2417
5286
4764
2088
2088
1224
807
1001
2620
47
47
47
4723
2364
5121
4495
4495
4166
4166
4074
4074
4074
4074
4074
661
661
4271
4271
4271
4271
4271
4271
4271
4271
4271
4271
4271
4271
4271
3075
3448
3343
981
981
981
1586
1586
1
1678
2296
1450
1450
1450
1450
4423
4423
4423
4423
5070
2836
1629
1629
2919
5439
5439
5439
1459
3223
3038
3564
2845
5153
2960
1151
5633
4116
3837
1442
947
947
4786
2730
2730
5149
5149
5149
2306
4989
4989
4989
4989
4989
4989
4989
3003
3003
4530
1276
5228
3288
1018
1018
1018
1845
4550
4833
4833
4833
4833
4833
4833
4833
4833
4238
3471
3894
3894
3894
3894
2549
1826
1734
1734
1734
4573
579
579
579
579
579
579
1269
4124
4276
3403
3403
2821
2821
4405
711
5655
2587
5655
5655
5655
5439
2481
406
406
1758
4137
4137
2960
3856
1283
4061
3642
1087
1087
1087
4415
4415
4415
1276
1277
4058
432
1952
1952
1889
5003
5003
5003
5003
2363
5003
5003
5003
5003
5003
5003
5003
2363
2363
4026
5376
5376
5376
5376
5376
5376
5376
467
2315
3904
2841
5
4833
4833
4833
4833
4833
4833
4833
521
521
2751
1120
1120
3954
5253
5253
1098
1242
1242
1242
1242
1242
1242
1242
5125
5125
5125
4142
5355
381
4114
4114
1962
4450
2627
2627
4989
4989
4989
4989
4989
4668
4668
4668
4668
4668
4668
4668
4668
2909
356
2694
778
1359
1359
1359
1359
768
4413
2703
2710
413
3481
3308
5472
2556
5013
1717
120
3474
3602
1478
57
5390
3060
3060
143
2263
2263
2263
2482
2482
3768
80
80
80
356
356
4302
4302
4302
5445
1962
390
739
4263
2723
2723
398
5149
5149
5149
5516
5192
2363
2363
2962
2363
2993
5378
4213
3189
3189
1888
2263
2263
5087
4736
4836
4836
4836
927
3791
4817
5003
5003
5003
5003
5003
5003
5003
5003
5003
5003
5003
5003
4827
4827
428
428
428
428
428
428
816
816
816
2960
2960
2960
2100
2100
2100
2100
2100
2100
2100
3613
295
3837
3837
1768
1252
2549
2549
1435
945
945
945
945
945
5025
965
1352
1231
182
5569
5569
5354
249
249
1972
3591
4783
4782
4782
1501
1501
1501
1501
4415
1501
4712
4712
4712
5647
5074
918
2106
363
4587
1705
1705
1705
1705
2201
2201
406
406
406
406
875
875
875
77
4440
2332
1483
2332
1302
3308
3082
3770
2031
3488
2201
5246
3544
2723
5282
3460
3460
3460
3460
162
162
162
162
162
162
162
162
162
162
1758
3166
4251
142
563
2710
5551
5551
5551
5551
5551
5551
5551
2397
2397
2397
2397
4337
4853
4294
3177
3177
2203
4519
2810
2810
5604
5604
589
589
589
589
589
1455
4712
4712
4712
4712
4712
2620
2620
5633
364
5072
12
588
12
588
588
2985
1941
1941
1102
2753
1829
2394
3668
3668
3668
3668
3668
3668
3668
3668
3668
3668
3668
3668
179
3192
3192
4551
3914
3192
3192
3192
3335
3335
5518
3069
795
3399
4836
138
1499
2693
4174
3166
3505
3505
5586
2845
1163
1163
1163
1163
3408
726
3969
5454
5454
4693
4693
4693
4693
4693
4008
4008
4008
4008
4008
4008
4008
3177
4060
3177
1539
2003
741
3138
3837
2469
2469
4680
2686
2355
2009
4273
2009
2877
3644
2350
2363
2363
2363
2363
2363
2261
4092
4056
4056
1396
1952
2774
550
2926
5606
5606
5606
2011
3448
3164
3921
2001
5409
5409
4688
2827
2827
2827
2827
2827
2827
81
4550
2397
2397
2397
2359
3347
182
5129
1434
4465
2766
2766
2818
5328
875
875
875
4550
4550
1922
5516
1020
1020
1020
2093
2093
3119
268
1162
579
579
579
579
702
521
579
579
2710
5116
2503
4587
4587
4587
871
21
21
21
2065
2065
2518
2518
2518
2518
2518
2518
1008
2597
2030
5397
5397
2586
3783
3783
5397
4415
4415
1725
4415
1589
1589
3768
2417
2417
1774
3029
4475
4879
117
130
2219
2712
3051
3051
4765
4765
4765
4765
2694
2694
2694
447
447
3152
2374
1515
1515
4010
4145
4145
4145
2815
2815
2815
5530
1679
2891
4404
2091
5347
5347
2547
2808
2813
2813
2813
2813
2813
3347
5600
5600
4145
4120
1443
2394
3877
3674
206
2813
2813
2813
2813
1889
2417
2417
2264
4036
4036
4036
4036
4036
4036
5125
3186
3186
3186
4008
4008
4008
4008
3634
3634
5655
5655
958
2397
2397
2397
2397
1699
3993
5488
5236
5236
4307
3743
1808
812
812
787
787
5003
5003
5003
5003
5003
5003
1693
3250
143
143
143
143
143
4551
4071
2696
5040
132
5040
5040
1878
1062
2115
2115
1014
1345
171
5278
1599
1315
3225
138
3215
5339
3751
3751
3751
3751
3751
3751
3751
3751
3751
2261
1120
5036
5004
5004
5175
4320
1350
4905
2979
2979
2979
2979
2979
594
143
143
143
143
3569
1499
1499
1735
5590
5201
5201
3974
286
286
4283
5319
4271
4271
4271
4271
4271
4271
4271
4271
4271
3514
3832
4279
554
554
4005
5507
5015
3150
3957
4108
4694
3832
3832
3591
3591
3591
2219
2009
1729
4056
21
21
4056
4056
21
4056
21
21
4785
4450
3683
3105
948
948
3197
2641
1928
1501
1501
1501
1501
1501
2821
2821
2821
3021
4744
4861
2059
2011
2011
5586
986
5397
5397
5397
5397
4273
1758
1758
1758
1758
3783
3783
3783
1875
745
745
143
143
143
1405
1405
5291
5291
585
2313
2364
2364
5388
2108
2108
363
363
5180
3003
3003
436
436
436
436
436
436
5070
1344
4071
4071
333
774
774
5402
5402
1678
3668
3668
3668
3668
3668
3668
3668
3668
3668
3668
4062
3668
3668
3588
5107
5107
5050
1145
1145
1145
1145
5541
542
542
549
549
605
605
2897
605
5120
2091
4860
4860
2065
4860
2065
2065
2065
4694
4694
1471
1471
1471
1471
5518
2053
1120
3287
5003
3287
5003
5003
3287
5003
5003
5003
3287
5003
5003
2126
996
4985
4380
4985
4985
4587
3069
3366
1162
1162
1145
1145
1145
1145
1145
1145
4860
3196
2081
2081
2081
2081
734
1291
1291
1291
1291
3659
3659
3659
626
1178
1178
1241
4518
4518
4518
4518
4518
4518
4518
4518
4518
1451
1451
1451
1451
1451
3005
1671
2877
2877
2877
5604
4416
4416
3524
3859
2803
2100
2100
2100
2100
2803
2100
2100
2100
2803
2100
2100
2100
1163
1163
395
704
2365
1991
1291
3922
3922
3922
4588
4588
4588
4588
1897
275
4550
4550
4550
1220
1220
1220
3454
3481
2821
2821
875
875
875
875
875
875
332
4435
4519
2115
2115
2115
2115
2897
2897
4641
1965
1965
1276
5264
5264
5264
1563
5284
5284
5284
5284
1017
4782
5135
548
2671
2671
2671
2671
2587
5403
3552
3552
3552
1841
3883
2039
2039
3544
875
875
4712
4200
1501
4040
5551
5551
4752
5040
5040
5040
4029
4029
2115
2115
844
565
565
4271
4271
4271
3448
579
5026
4497
948
948
5500
1404
3069
2813
2813
1242
1242
1242
1242
1242
1242
999
999
559
2766
2208
5403
113
2208
5201
4056
1020
1020
1020
1020
4983
3602
3602
5569
5521
4501
4501
4415
3089
1965
2019
2019
21
947
1345
953
406
406
406
3366
4308
626
626
2813
143
5284
2597
5551
5551
5551
5551
5551
5551
639
807
626
4504
4008
1340
143
3709
4968
3427
2201
229
447
5397
162
162
162
162
2815
5606
2019
2019
2019
4263
1963
1963
1963
1963
3634
1231
1231
5284
2615
2451
2451
4682
4682
4682
2088
4684
5051
5051
5051
5051
5051
2459
4752
5439
5439
5439
5439
5291
5291
5328
2503
1810
4588
4588
4465
50
670
670
5125
5376
5376
5376
5376
5376
5376
5376
4805
1329
3896
2886
3904
5520
1856
3854
3854
3854
3854
3854
2445
249
2517
2517
2517
2517
2517
967
4287
2650
4501
3150
875
844
844
844
844
4833
4851
4851
3192
3192
1390
1725
5569
5569
5455
1991
789
135
2753
2134
2064
4828
2815
3416
1242
1242
2503
945
2576
2315
182
1941
1941
3544
3667
4495
4495
4597
1314
406
406
1515
4851
4851
4851
4851
602
3845
5439
565
565
844
1247
1247
1247
1247
1247
2584
3674
3674
5579
694
694
3032
4833
4833
4879
2869
314
4608
2569
2864
406
406
406
524
524
2348
2348
2348
2348
2348
2348
2348
1434
249
4114
3796
1217
2517
2517
2517
2517
4921
4921
4921
4921
5600
149
286
3751
3751
3751
3751
3751
4921
4921
4921
4921
4921
406
406
3602
3986
3856
4765
4765
514
4029
1677
4428
1020
1020
1020
2584
3469
4116
3904
3904
3904
3904
3904
3904
2067
2261
5362
5621
5621
5438
2784
2784
2784
2784
2597
943
1870
1145
2973
2973
2549
5527
4423
4423
4423
4423
4423
4423
1671
3670
774
2363
2363
2363
4145
4497
4851
4851
4851
2260
201
4001
4001
4001
1276
579
579
579
579
579
3891
2803
2803
2803
69
2134
2134
2134
2134
3659
5362
5362
998
4413
4413
588
333
333
333
333
333
1197
546
546
2623
3398
1631
1631
2088
2088
2088
3430
2031
4437
1938
4712
4712
4712
4712
4712
4712
4712
2043
4738
1538
1538
4921
1125
289
289
1362
5316
5503
4966
4966
5644
4158
5657
3192
3192
3192
3192
3669
4895
4895
2701
2701
3602
3602
3602
3602
3602
2689
5092
5092
942
204
4328
5426
4751
4751
1390
5319
5325
1798
549
549
549
549
549
549
4827
4827
4684
4684
4684
4684
581
442
1242
1242
1242
1242
1242
1242
1242
1113
695
4752
4752
4752
4752
2401
3960
3591
2475
3136
4251
3614
3614
4187
4036
4036
4036
4036
4036
4036
4036
3243
1759
194
194
1257
4739
4739
5392
5002
5002
5002
5002
5002
5002
5002
5002
3142
115
1451
1451
1451
1451
1451
1451
56
56
1899
1899
1899
2306
2306
2306
2306
2306
2306
805
805
455
1968
1677
1677
4116
4116
3288
1757
4161
2032
4197
5245
4110
4110
3931
787
4949
3978
3978
4060
1139
1139
1005
1745
3021
3021
3021
5086
5420
5535
4898
4898
4898
1539
1539
4276
4276
4276
4276
3827
3827
2185
5541
5541
5506
851
3184
1126
1404
4523
2827
2827
2827
2827
2827
2827
2827
2827
2827
2827
2827
2827
2827
3195
3659
3659
3659
145
3659
3659
4630
1074
31
2025
5397
5397
5397
5397
5397
5397
5397
1261
298
4877
2448
2448
2843
2843
2669
4104
4104
4104
3403
3403
4872
162
162
3403
162
4872
162
162
162
162
162
162
162
1839
162
4872
162
162
162
1839
1823
323
323
4780
4780
1748
2778
5546
2511
2511
2511
2511
2511
2511
3003
3003
3003
3003
3003
4661
4661
4661
4517
4517
4137
4137
4137
4137
4137
4137
4137
5117
5117
4137
4137
4137
755
3241
3216
432
3089
3089
3089
3089
3546
3546
3366
875
875
875
875
875
875
875
135
135
1718
135
135
135
1718
135
1718
135
135
812
4572
2995
1718
812
812
812
812
812
5112
5112
1889
1889
4654
4654
4654
4588
2049
4588
4588
4588
2388
1242
1242
1242
1242
1242
1242
1242
1242
1260
1260
455
4788
3341
1390
3482
784
784
1664
1664
3914
1664
4062
486
4062
749
749
3560
3560
749
3560
3560
749
749
749
5129
5129
2315
1288
3885
1096
3885
1096
259
1096
1096
1096
1096
157
3004
880
880
880
1377
880
1377
1377
3579
3469
359
3469
1538
1538
1538
4418
4418
5047
4982
1044
1044
453
896
896
784
2410
459
459
459
4532
4532
351
2115
2115
2115
4456
2115
2115
2115
4456
4456
2115
4456
1866
1866
1866
2495
1340
1659
1659
1340
1169
3416
3280
3416
3416
5488
5488
758
1704
3162
3162
2453
2453
1897
979
979
1563
1563
5072
5072
2694
2694
2694
2419
2419
1855
2419
2419
2419
5427
3239
2025
2869
948
948
948
948
948
948
5424
3783
2025
1148
2636
3336
5051
5051
5051
5051
364
5051
3297
1640
1640
1807
1640
186
1235
721
2241
2587
2241
2551
3029
5291
5291
5291
4907
5573
816
816
816
816
4047
4879
4879
4879
4879
4879
2090
2090
5655
5655
5655
5655
4500
1734
1734
3467
1734
1734
1734
1734
1734
1734
1734
623
3425
3425
4134
1937
190
1937
190
5325
5325
1155
1155
1155
1155
1155
971
4754
378
4570
4570
4204
5154
5154
2331
2821
5234
5234
5234
4902
5416
5234
5416
5234
2379
2379
2379
2379
2379
5661
5372
0
0
5372
2134
5372
2134
2134
5372
2134
4097
4270
4907
4907
403
3775
3659
3659
3659
2697
3659
3659
539
4474
1946
1047
4605
747
2821
4376
4376
77
77
77
1538
2351
1538
1538
1338
177
177
3093
4771
4771
1735
4771
4058
4058
2370
1283
1283
1283
1283
1396
4986
1396
402
402
2496
2053
4320
23
23
535
2149
436
4937
436
436
3003
3003
4937
3003
3003
4308
3003
4308
4308
4308
4308
4039
2038
4757
4757
4757
4757
101
101
5397
5397
5397
5397
5397
5087
5397
5087
5366
5087
1525
5087
5087
2041
2927
2963
2963
161
654
654
3948
654
654
3948
3948
1274
4372
1274
3775
3775
4472
4144
4472
4472
4192
1237
1237
1237
1237
1113
1237
4456
4456
4456
1601
1601
4456
4456
4456
4456
4456
1133
1195
4517
4517
4517
749
749
749
749
749
749
749
749
749
83
749
749
749
749
4686
5021
5436
4472
1729
4472
4927
5154
3447
5154
5154
1332
871
4489
1332
4075
4075
255
4075
5402
1178
1178
1178
3656
1280
2626
1261
69
69
69
5633
69
69
69
5633
69
5633
4664
5633
5511
5633
1453
3872
1453
4347
1991
1991
1955
1991
5107
5107
745
745
745
5002
745
5428
565
565
565
565
565
3532
1122
585
2821
2821
2821
2821
2821
3001
3001
5490
4155
4271
4271
2417
4669
4271
2417
4271
4271
3947
4271
971
2417
3947
2417
3947
3947
3947
3947
3947
4142
4142
1131
1131
4142
98
98
5524
2886
2115
2115
2115
2482
2115
2115
2482
2115
2482
2482
3197
2482
2115
2115
4752
2482
270
3197
3197
4752
1823
5113
4110
4110
5455
5455
5455
5455
5455
5455
1050
2302
3360
3670
2980
3996
3996
3996
805
805
3965
436
436
376
376
376
1655
1655
1655
5409
5409
5409
5409
5409
5409
5409
5409
5409
5409
4691
5367
5367
4426
4426
4426
3624
4756
3515
5079
5079
3481
3481
2053
3696
4989
4989
4989
4989
4989
4989
4989
4989
4989
4989
4989
4989
4989
4989
1471
1471
3238
3519
3519
3519
3519
3519
5039
5039
5039
3560
1146
1698
1698
3700
2088
2088
654
654
654
654
654
654
4353
5509
3205
648
995
995
753
782
782
782
3646
4694
4851
4851
105
105
5218
5218
5218
3613
3613
5354
3613
3613
5354
4459
4376
4376
3659
2926
2503
2503
2503
4853
1112
3856
3856
3856
3856
3818
179
1197
1197
1197
4879
402
4879
4879
4879
4879
5409
5409
1679
1679
1679
1679
863
4274
4595
4503
4503
318
789
47
47
576
3166
3166
3166
3080
3080
3656
3807
3504
3504
2203
2203
2203
612
346
2174
2174
3644
3644
5166
3388
3388
3388
3388
1278
1278
1278
688
3152
3152
5153
5153
2657
2362
2657
2362
2362
2362
4581
4581
822
2364
2364
822
822
822
822
822
822
695
145
1323
3469
4519
4519
5023
5023
5023
5023
5023
5023
4703
3379
5322
4137
4137
4137
3003
3003
3003
4525
2499
2499
1658
3524
3524
3524
3524
3524
3524
3524
816
4775
177
177
704
2188
2188
4202
4202
4202
2079
4697
3644
3995
1955
398
2216
3544
3544
1653
1653
2306
3352
3352
1151
1151
4181
32
649
3947
3947
3947
3947
3947
3947
2693
2122
3471
3471
2705
2705
2142
4036
4036
4036
4036
4617
4617
4397
4397
5563
247
5051
5051
5051
5051
297
5051
5051
5051
5051
5051
5051
5051
5051
5051
1325
3958
3958
606
1269
2711
1331
2494
2494
1045
2970
2970
2970
2970
2970
2225
3088
3088
2088
774
4486
3995
3004
5402
5402
2001
280
206
3650
3650
3650
3650
3650
5131
3105
5036
5036
5036
4197
2729
5455
5455
5455
5455
678
4084
5506
3775
3644
3644
4941
5516
2331
2331
5551
1819
5551
5551
5362
5362
2400
2400
1163
1163
1163
1163
1629
1629
1629
626
626
626
626
5481
5481
5481
1845
3119
3440
4395
4868
2766
2766
2355
2355
674
552
3454
5044
5002
5002
5002
5002
5002
5002
5002
5002
132
380
918
918
2036
2036
194
194
194
194
194
2813
2813
2813
2813
2813
2813
2813
2813
1098
1098
1098
1098
1098
1098
1098
2942
5280
2261
1939
2261
2261
1939
2261
1939
2261
1939
1939
1844
1844
57
3069
3069
5169
3069
5169
5169
4765
4765
5600
4864
4864
5560
1545
3558
2590
2590
3676
5392
5392
1125
133
133
133
688
578
120
120
2929
310
2311
3464
3464
3464
5024
4586
4586
325
2946
2946
3490
535
3947
3947
3947
774
3881
3881
3881
1286
4786
1286
2379
2379
4074
4074
47
859
5128
787
787
787
787
3276
1853
2513
1384
771
771
3430
3546
3546
3430
1725
1725
1725
1725
1725
1725
3602
5246
5246
5246
5246
276
276
276
5246
3642
3642
3642
3642
3642
3642
3642
2252
56
56
56
1679
5035
5035
4941
4941
4294
4294
3001
4116
1878
4116
1076
1076
1878
1878
1878
2179
3826
794
981
981
981
790
243
790
608
2726
556
970
27
1862
201
5569
5528
5506
5528
5569
5569
5569
5569
5569
5569
3412
5506
5506
340
1447
51
5262
2449
2449
1269
393
3651
4026
1965
1965
1965
1965
2007
1965
4026
1965
1965
1965
2007
2350
2350
3602
3602
1313
3267
1144
1144
5508
4764
332
4203
2432
3149
4380
4380
4584
1616
3658
2823
979
3396
3396
3396
3396
2100
3396
3396
3396
1702
2100
2100
2100
2100
2100
2100
2100
2100
2100
861
861
861
2100
861
861
861
5282
5282
2093
2093
352
4497
2093
352
4274
4497
4976
2699
735
5283
5283
5457
5283
4263
4263
4263
4263
4263
4263
5566
4263
511
4263
2542
2542
5606
5606
5606
5606
1560
5606
5606
3566
3566
4104
3566
3566
4104
4104
4104
4104
4104
5563
2315
2315
2315
4059
2315
2315
3940
5492
5492
3464
2554
2554
3464
3464
3464
5661
1201
5282
3651
3759
3759
1367
3759
3759
1367
4859
5023
1161
2260
2260
3591
2260
2260
3591
3591
3591
2864
4587
2864
3591
4587
2864
5342
214
2864
4218
4218
4218
3082
2135
3082
3082
3313
3115
4791
4791
4791
3782
5492
3803
2908
2908
34
3715
65
4891
4891
1952
1952
1952
1952
3913
3553
3553
5168
3606
1434
4156
1845
5426
4810
3867
413
413
997
2225
4356
4356
1397
1063
4356
1397
1681
1519
1560
5606
5606
5606
5606
5606
3572
3889
2064
3889
3889
3889
3889
1891
1468
5477
5473
2001
4824
4280
965
1914
1914
2003
2003
2003
2003
914
132
3891
905
2399
21
4273
4498
4498
1367
21
21
21
21
1478
1093
4733
4086
1501
1501
1501
5175
1501
1501
1501
4805
4495
1702
2683
98
1128
4306
657
657
340
5013
4588
4588
4588
4588
4588
4588
4588
4588
3361
3714
2936
2936
4519
2936
3697
2936
948
948
948
3697
948
3697
5201
948
5201
896
1341
3255
260
3255
3739
3198
2974
2974
3198
968
3198
3198
3087
3559
3507
4724
3894
3507
3894
3894
4724
4724
3894
3894
4724
3894
3894
4916
4916
2715
3413
2715
2715
5220
2715
95
95
2715
95
844
844
844
844
844
844
844
3426
2045
5140
4200
1290
2735
156
156
3969
900
156
3969
3969
900
3969
900
4587
4131
5436
4131
3904
3904
3904
4587
3215
1805
1805
1805
4084
3715
4642
1334
4084
1334
3715
3965
4253
3715
3965
4504
3765
1396
1396
1396
5082
5135
4769
1865
5082
5135
1153
5095
5095
5095
5267
563
1305
1305
2587
5121
4792
959
963
959
959
959
959
845
4330
1952
2280
1839
3241
1839
1839
2842
4356
4356
2633
2711
2511
2711
2511
1235
1235
2511
707
1362
707
707
707
4880
4880
821
5118
821
5604
4704
3677
249
249
1312
249
249
4896
158
4
249
249
444
142
142
5218
5218
5082
142
5082
142
142
5624
142
2860
4923
2860
4968
285
4968
3233
3928
777
1353
1435
3168
1353
4900
1629
1629
1629
1629
444
918
5310
918
918
4595
541
549
549
549
549
1074
3012
2745
3012
1074
1074
2745
1074
2345
1368
2745
1368
734
1368
1368
1368
1368
1368
4645
734
734
5086
922
922
922
4306
5336
5336
65
5166
5166
2542
2542
4773
4773
4773
4733
4733
4773
492
5604
3330
3280
4498
1913
3469
3469
1261
1913
3469
5553
4684
4478
4465
5553
5553
3958
4491
3481
1519
3481
1519
3667
3667
3667
4335
4335
3038
4649
1155
1155
4335
967
863
1155
1155
1155
4335
1941
1941
967
1560
1560
1560
1253
1253
81
1253
1939
1286
1939
5541
5558
4107
5558
1286
5558
4107
4572
3069
5489
3069
5612
5489
4387
3069
3069
4387
5489
5612
5612
5612
4387
5612
5612
5612
2572
3448
4704
2875
2875
3448
2875
2315
2315
2315
5286
5175
4273
4273
4273
2306
2306
2306
2306
2306
2306
2306
3560
2306
1723
4036
3915
4036
3915
3560
1723
4036
4036
4036
4036
4208
4036
4036
4280
289
5139
289
4270
625
266
5314
1499
635
1499
1499
1499
1499
4968
4968
4968
376
376
4968
3335
5500
3894
2314
3894
3894
3894
3894
3894
2420
3894
3827
19
19
2829
3370
5527
4200
5527
4200
4200
4200
656
1856
656
656
1939
4823
656
1856
1939
1856
1856
1856
1939
1939
1939
1939
594
5558
1939
2323
3014
2416
4983
4519
4983
4519
4519
1693
2650
2650
2650
3663
2650
2650
2332
2650
2650
1253
3663
3663
2962
1253
744
2710
2710
2710
2710
3793
1527
2397
235
2397
2397
2397
4082
3221
2397
0
2453
2453
0
3069
3168
0
3069
3069
3168
3168
4530
4530
4530
4103
2388
2388
2388
4178
5103
4178
4178
2797
2797
2797
5175
5175
1933
294
3667
294
3667
3667
3667
3667
3667
3343
3667
3392
3392
3343
3392
512
2550
774
1660
2581
1986
2581
1861
2701
3468
2701
2701
2701
1178
4769
1178
1178
4769
430
430
4747
4849
162
162
162
162
162
162
162
162
162
162
162
162
162
162
2400
3598
5469
978
2973
2973
2973
3598
2400
3598
2973
2973
2973
3598
3007
2224
5501
5501
5501
3081
1288
5445
1288
5445
1178
1178
1003
2656
1178
2656
4791
4791
135
135
135
135
4791
135
135
135
3094
135
5616
5488
5616
5488
1581
5488
576
1591
4145
5102
5102
555
4145
5102
297
4126
297
3958
1660
1660
3810
3810
3810
3810
4815
381
4815
381
1000
381
381
381
2404
1737
4731
2245
807
2245
2245
807
807
807
2694
2694
807
5165
5165
2694
2694
2694
2694
4930
3628
4930
4930
3628
801
3975
3240
1535
1535
1535
4848
1290
3394
1638
1725
1725
1725
1725
1725
1725
1725
2039
1725
2693
2039
2039
5439
5439
3093
5439
5439
5439
1811
81
81
316
1766
1766
1766
3877
914
4158
2478
914
4305
914
4305
115
2201
2201
5499
2126
4156
2126
5171
4380
3257
4380
1690
1284
5285
4124
1515
1515
1406
1406
1508
5444
3399
5444
5524
345
345
345
345
5372
5372
345
5372
5372
5372
4551
5087
4551
279
1678
5087
279
5087
5087
5087
180
5029
5029
5029
4779
4779
4779
4294
4294
947
947
947
947
947
947
3747
2573
434
4724
1629
2821
4682
1870
1870
1870
3598
27
27
4036
4036
4036
4036
4036
4030
5153
5153
4739
4739
1220
1220
379
5291
4408
2100
2100
2100
2100
1845
1845
1163
3756
1018
4501
4501
4501
670
3642
2363
927
80
80
80
80
749
749
749
3751
3751
3751
3751
3751
3751
3751
3751
3751
947
947
2861
549
3810
3748
3854
1020
1020
1020
406
2417
142
142
612
5002
1815
1815
3002
2973
194
1092
2701
2701
2701
2701
2701
2362
1889
1889
1889
1651
5025
4591
4591
4735
409
670
670
670
372
3376
2459
2459
2459
2459
2459
2449
1651
128
5328
5328
2093
607
3052
2986
2986
68
844
844
844
844
844
2745
2931
2836
1099
3655
2263
5521
5003
5003
5003
5003
5003
5003
5003
2705
875
875
875
875
981
2813
2813
4739
3003
3003
3514
3948
1162
1329
1329
1329
4757
4757
5001
549
2327
2686
2650
2650
2650
831
5092
404
1810
2232
1026
2784
2784
3052
5284
5284
5284
1230
653
653
3796
1112
1112
3336
138
588
3783
5051
5051
5051
5051
5051
1242
1242
1242
1242
1242
1242
5048
5051
5051
5051
5051
5051
5051
4682
523
5001
50
50
50
2683
135
135
135
953
5177
2054
443
1247
1247
5317
5362
4629
4629
4629
4137
4662
4739
1265
1265
1217
1217
1217
4933
5551
5551
5551
5551
5551
5551
626
626
421
421
4661
1725
32
4995
4995
4071
4315
4036
2909
2909
4036
4036
4036
5516
4588
875
875
5004
4238
4238
4238
3896
5376
5376
5376
5376
5376
5376
5376
5376
5376
5356
749
749
749
749
1816
999
999
999
2960
2960
3668
3668
3668
3668
1399
4491
4491
1889
1889
3796
2986
2986
2986
2986
1247
653
5004
5004
2845
2845
4029
4029
3947
3947
3454
2394
2394
2394
477
2875
2875
2875
2875
579
579
1162
2875
3225
1898
2100
5177
4475
5071
2355
5025
5025
5153
2686
2459
2459
5040
5040
5040
2327
2979
2979
4398
2573
585
5487
2630
3668
3668
3668
3668
3668
3668
2797
2984
2984
2984
2669
2984
2984
2984
3460
1163
1163
1163
5142
967
3002
5004
2121
2429
5253
2011
2011
2011
589
986
3872
3552
4832
2801
429
3783
1148
1242
1242
1242
1242
1242
3544
4682
4682
3658
3588
355
50
50
50
2518
2518
2518
749
749
749
749
749
5533
4989
1196
3827
286
286
1878
2627
286
286
1231
286
1231
1018
1018
1018
1018
1018
1018
1018
1018
3948
1501
1501
2126
5376
5376
5376
5376
1734
1734
1734
1944
1247
1247
1247
2064
2363
2363
3947
295
2100
2100
2100
3720
4302
5484
5484
396
396
5629
3301
1855
1280
4886
4456
3519
3187
594
2868
1944
3832
1963
4301
4301
2134
3561
3287
3807
3996
1045
5025
1718
1718
5376
5376
5376
5376
5376
5376
5376
5376
249
1096
1096
5345
2261
2261
5153
5153
80
80
80
1144
4472
663
12
2445
2445
3460
3460
3460
2417
4415
3460
3460
3460
4302
4302
5655
5563
2233
2433
4501
4501
4501
4501
4501
3751
3751
3751
5606
5606
5606
5606
5439
5439
5439
844
844
4565
2355
4851
3588
4119
2044
579
579
1845
1845
532
3186
1590
5345
2813
2813
2813
583
2517
2517
2517
5439
2766
5004
1092
2093
771
2813
2813
2813
953
953
2652
4834
5013
3002
3002
3002
2518
2518
2680
5165
4398
2093
771
771
4550
5036
1247
3948
663
5606
5606
1217
1084
1084
3504
4156
960
609
1451
1329
3904
5072
2753
3751
3310
812
5107
5551
5551
5551
5551
5551
5551
5551
5551
162
162
605
4145
3021
1288
5397
5397
4231
5088
3069
2355
565
565
565
2445
2445
2445
3654
3003
2327
5001
2857
3287
5155
3142
2588
1889
1889
3082
2106
286
5397
2710
4075
143
3986
2093
1870
2093
1963
1963
1963
559
2590
2722
2290
1242
1242
1242
1242
40
5092
5092
3257
4379
4617
2388
2106
306
1145
162
5339
1242
1162
3903
2164
2164
1832
518
518
1139
3602
5409
297
5551
5551
5551
5551
4712
4712
4712
986
2273
2694
2694
962
4582
2036
50
50
50
1889
2363
2363
2974
3336
3336
1899
69
2971
2971
2971
2017
1051
5569
5569
5569
3347
3984
3984
5604
5073
4001
762
2710
2710
2710
1315
1315
1944
4833
4833
4833
4833
2561
2561
2561
626
626
626
626
626
653
1461
967
967
3195
487
3195
12
2688
3295
1383
3879
5312
4985
4985
4985
709
5223
5223
5223
1451
1451
1451
1153
3326
4834
4834
4834
3566
3566
2971
2971
2971
2971
2971
2971
2683
473
4202
3119
3119
4907
373
2482
1699
1324
1324
3465
5644
1586
1586
1586
3423
5606
5606
4736
2115
2970
2115
871
3069
3069
3069
5388
1685
1685
2122
4296
1515
1324
3675
3675
3500
2331
2433
3222
3222
913
3222
913
913
2513
4728
1962
1962
4398
4398
4114
4114
4114
1410
2647
404
404
1829
359
2076
3810
3810
999
999
999
999
999
999
1554
403
4029
4029
4029
4029
4029
4029
4029
1
1
1141
2408
2044
1810
2680
1870
4328
1315
1315
1315
1870
1870
1861
1384
333
2886
2886
2886
3462
589
3755
589
589
5317
2897
2897
2946
2946
1929
2511
734
1471
1471
1471
4489
4328
260
2877
3346
5409
5409
5651
2689
4472
2126
275
332
3854
3854
3854
3854
807
1856
1856
1856
1856
1197
1723
1194
1194
5380
2971
2971
3562
5362
5362
5362
3562
1679
5154
5154
5521
5521
5521
5154
1292
1292
1099
2599
3146
4501
4501
4501
4501
4501
4501
5051
5051
5051
5051
5051
5051
5051
5051
5051
5051
5051
67
2397
1138
477
923
3060
1685
1884
1884
1884
1260
2984
2984
2984
2984
2984
2708
3192
3192
412
1676
3712
4985
4147
295
295
3840
5246
5246
5246
5246
5246
2317
5246
2555
1998
1998
4030
3278
359
2315
359
1085
1941
1163
1163
1163
1163
4909
2979
2242
1671
1671
2630
556
3683
3721
5624
2417
2531
2665
3481
3267
1664
1664
1664
1664
5395
5395
4387
1714
2199
3385
2199
3385
4302
4302
4302
1966
5533
3705
920
1882
4116
4116
1882
4116
3280
3280
4145
4145
664
3362
3362
352
1342
1342
404
1706
1141
2731
4047
1968
5159
3466
656
2000
2000
2000
276
2985
3761
3761
2985
2985
2174
1538
2025
2025
145
2317
3663
4731
3396
3396
3396
822
3396
3396
5317
4833
4833
1368
5072
4833
5072
1368
5072
2962
5072
999
999
999
999
999
999
999
999
556
3710
556
5455
5455
2794
471
521
1939
2454
1671
5114
4497
443
443
443
2357
1374
5567
1374
4423
3212
458
4668
4668
4668
4668
4668
4668
3166
1217
1217
1217
1217
1217
1217
1217
243
1217
1217
3032
2996
4498
743
4392
5293
5293
3392
3392
3301
3889
3889
2572
2572
1359
1359
1359
1359
1359
3269
705
2318
5438
5438
1944
1965
1965
4114
4114
4114
4114
2797
4114
2797
2797
2797
3834
3832
4365
4365
3508
4365
4879
4879
4902
5178
5178
5178
4622
4120
4622
2471
4120
5521
5521
5521
3944
3861
4279
2870
1778
1778
1778
1048
2424
5294
3166
3854
3854
822
3854
0
822
0
567
2106
2106
2106
2065
4501
4501
4501
1506
4363
4363
928
2680
928
1815
1815
4403
4403
373
2827
2827
132
132
1775
2511
5397
5397
1461
5397
5397
5397
947
1461
1461
947
1461
440
2232
4366
2721
4223
4223
3921
1288
1288
3177
3177
2877
981
2877
2877
2039
2039
2039
217
1953
2091
2091
2091
2091
2091
2091
436
4227
436
1928
436
3478
3478
3248
3520
3715
953
5372
5372
5372
5372
2087
1094
1557
1965
610
2576
2576
2576
2576
51
628
3675
3675
5569
5569
4850
4290
4380
5376
4989
4989
3508
306
77
624
1145
1145
5051
5051
5051
1499
4977
4040
1855
5362
3702
2315
4693
3667
789
4989
4989
4989
3003
3003
5345
2990
5397
5397
1845
3177
3177
3177
3177
2039
1746
654
654
4048
4048
4883
2394
2394
2394
3508
1033
1033
450
3642
1396
1396
286
3189
2100
4501
3756
594
1362
3849
2815
2455
3308
4213
5488
3978
1889
5409
2388
206
3627
2019
2019
565
565
565
3374
1145
5533
4610
4075
3948
4397
1381
4145
4145
3720
726
746
5201
286
2011
2011
2011
1148
1148
1148
1148
3430
3810
1265
2841
598
1217
1815
2856
270
4780
3668
80
80
80
2019
2019
2019
2019
5336
83
5579
2091
2091
2985
128
5004
306
4966
4966
1096
2344
2797
532
5051
5051
5051
5051
5051
3783
844
844
626
565
565
565
1965
2694
2694
2984
4518
5551
5551
4271
5376
3177
3668
4301
4752
1340
2348
3894
2979
5551
5551
1220
2569
286
4008
1265
2260
5003
2827
5551
5551
5551
1631
2100
2100
5003
5003
844
844
2608
27
2263
4491
2970
4909
4909
4909
1734
4966
3761
1329
2813
4861
133
4491
3921
3460
3460
2870
5294
5294
275
2407
5092
5092
5092
1884
5051
5051
5051
1963
1963
3751
4582
4403
1460
1460
50
50
3612
4856
2813
5130
1362
206
1499
4668
4668
4668
4668
4668
3388
2669
4879
3425
1460
947
5409
1884
1501
1501
1501
2100
2100
2100
1717
1717
3469
5001
5001
5409
1718
745
4694
4301
332
3659
0
875
194
2173
5439
5551
2241
4826
246
749
749
749
2241
286
2845
2960
3553
1162
4635
4635
143
143
143
2025
2517
156
2517
2845
1231
1231
5165
206
21
1217
1217
1501
661
3484
1276
4301
4301
3002
3396
5587
5040
2517
4040
2332
2985
4694
2003
3668
3668
5236
5004
2766
2766
2766
4276
127
2100
5439
1144
4983
4983
960
789
1163
1139
4301
3947
5439
5439
4114
4114
4114
4114
1589
3947
3947
3894
5376
3544
2332
2025
5003
3207
450
3313
5177
5177
844
844
4487
4137
2459
2815
3095
2985
4472
4833
4833
4833
2134
2134
2134
5376
5376
2751
2815
4879
4879
4897
3598
4097
135
135
3937
3088
1918
4752
2332
3560
5606
5606
4897
5606
5606
5606
875
875
875
875
332
332
2003
3250
4238
2984
2984
2984
2984
2984
2984
4518
4518
3152
3152
4282
2880
1310
4036
4036
4036
4036
4036
5447
5606
5606
5606
5606
3225
3225
5647
4617
3192
3192
1660
1660
4114
4114
4114
206
206
206
5317
5317
5317
4977
1645
1451
1217
4995
4071
4071
4071
5086
3954
1196
4836
194
1144
1144
1144
2971
2971
2815
2815
2332
2669
2669
3152
1832
2705
556
556
1980
2784
4472
1778
3192
3189
5125
3716
1539
5616
2650
2650
2650
3782
5282
3396
3396
4668
4668
4668
947
4266
4266
1734
1734
1734
1734
4137
4137
4137
4137
5521
80
4008
249
4941
3346
2841
2841
4825
4114
4114
4114
5306
4114
524
2261
2261
2827
2827
2827
2827
2827
4491
4921
4921
4921
428
4381
3546
5628
5628
3749
1993
1778
3712
1832
3659
143
536
2417
2417
3861
1857
2263
2263
2263
4608
864
2686
4704
4001
2042
2694
2694
2694
2856
2856
2856
2025
3366
5527
3739
3739
3739
3739
3152
4137
4137
2827
2827
2827
2827
749
749
749
749
4518
4518
3527
5439
5439
749
749
749
749
1050
1050
4301
4301
428
428
5125
1020
5177
5177
532
4475
918
4145
2495
1001
3396
3396
3396
3002
4293
4989
4989
4989
3807
3796
2650
2650
3186
4629
3693
3693
4036
4036
3225
4301
4301
4301
695
5051
5051
5051
5051
5051
3591
3751
3751
3751
3751
3751
3751
3733
3186
5149
2985
2701
2701
945
5202
3508
2315
4714
143
2025
2025
5569
1660
306
1062
286
286
4001
3223
3223
2984
2984
2701
2827
2979
2979
4921
4921
948
948
1217
3552
5153
1725
3602
3552
549
626
2261
2608
5125
162
162
162
5223
3177
3872
4415
4415
749
749
749
4506
2646
2815
2815
3478
816
3613
135
135
5051
5051
4833
5297
80
1112
2897
2897
135
1017
5051
238
2518
2518
2100
345
5376
5376
4271
4271
4271
4271
21
1359
162
162
162
162
162
3867
3978
945
2877
4263
3889
3295
4550
5359
5345
5253
2985
3396
2445
2445
436
1350
162
162
162
4145
367
5001
2363
2363
2363
2369
3668
3668
3668
3668
3366
1734
1734
1734
4550
4573
1889
1889
1889
3668
3668
3668
3668
2984
2984
2984
2686
3003
4966
2586
2979
2979
3749
5113
5113
5246
3500
436
3481
5246
162
162
2715
4834
4587
4587
3810
4114
4114
2397
2164
3969
1671
1671
1224
1224
749
749
4530
4898
1018
80
4042
995
2573
47
4301
4301
251
3904
3904
2745
1163
4587
4271
4271
4271
4271
4271
4271
4271
4271
4271
3044
5647
4108
3591
3591
5616
5616
4137
169
169
1832
4550
249
249
4572
128
4273
4273
5036
3751
3751
286
286
4238
3177
3177
3837
3002
4782
2985
3460
3460
3460
3460
2263
1717
1717
5142
653
653
653
653
5530
443
5047
3642
2134
2134
1098
1098
2584
4909
4635
670
5223
5223
3195
2694
2694
2694
2694
1265
333
1096
3889
2132
2132
999
999
4491
312
4195
2694
2694
3598
3260
3260
3388
3388
5481
3484
3187
3484
3396
3396
95
4497
738
3948
2818
5004
2547
4765
3591
206
206
2803
4682
4682
4682
4682
4682
5655
2104
3430
3751
3751
3751
3751
3751
3751
605
1247
1247
1247
626
626
5002
5002
5002
1473
2363
2363
2363
2363
3922
2306
255
4272
953
5294
5294
5294
5655
4036
4036
4036
1249
2960
3782
2100
2100
2100
5004
5004
2797
1882
2784
2784
2784
3862
5092
1525
1238
2986
2348
2348
2348
2348
2348
2348
2348
4694
4694
1340
4937
947
947
21
3504
3504
2942
345
345
4800
312
312
5133
3069
5036
3764
626
626
626
4365
462
390
390
4833
4833
4833
182
2909
1941
3460
3460
3460
5040
5040
1725
1725
1725
1083
407
4223
378
2067
2067
4276
128
3948
3948
3948
4166
4166
927
2088
3553
1247
1247
1247
1247
4456
4456
5284
5284
5284
5284
5284
5284
4810
4834
2984
2984
2984
2984
542
1396
4693
4693
4693
4693
4693
1368
2306
1734
1734
291
4769
1459
745
745
2586
1725
1501
1501
1501
1501
1501
1501
546
5158
2106
2106
2503
5274
1696
2126
1460
1099
1145
945
1678
3560
3560
2332
4867
4050
4023
5426
805
5088
2134
2134
2134
3702
518
246
598
2286
2569
2569
2364
2364
3241
2986
3613
3613
3613
4036
2766
4036
4036
3947
612
3840
4029
1329
4668
4668
4668
5202
406
162
162
162
3903
2003
5026
3751
3751
5647
2493
4423
4036
1020
4301
